0 0.041934 0.093959 0.035847 0.036881
0 0.091140 0.096417 0.040920 0.031963
0 0.147278 0.093080 0.045654 0.033017
0 0.055293 0.142606 0.034833 0.037232
0 0.147785 0.148051 0.042611 0.034071
0 0.208488 0.143133 0.036862 0.036178
0 0.039905 0.195820 0.037876 0.038286
0 0.084714 0.196347 0.026040 0.037232
0 0.162665 0.198279 0.092661 0.041096
0 0.157254 0.252020 0.234697 0.047418
0 0.406493 0.301019 0.190057 0.046365
0 0.127832 0.351247 0.221846 0.043555
0 0.390599 0.405515 0.156239 0.036178
0 0.114981 0.456621 0.203585 0.041447
0 0.122421 0.505620 0.177207 0.034071
0 0.111431 0.559888 0.161312 0.033017
0 0.120900 0.612048 0.205952 0.042501
0 0.055800 0.664208 0.037876 0.037232
0 0.122929 0.661574 0.082854 0.027749
0 0.115489 0.765016 0.189043 0.046365
0 0.146263 0.822796 0.214745 0.044608
0 0.387048 0.722515 0.163341 0.046365
0 0.428306 0.873902 0.225566 0.041447
0 0.426784 0.925009 0.234697 0.036178
0 0.401928 0.974008 0.189043 0.037232
0 0.850524 0.144714 0.113629 0.039340
0 0.685830 0.246400 0.112276 0.040393
0 0.847650 0.248507 0.119378 0.034071
0 0.856950 0.299614 0.110247 0.037232
0 0.862022 0.350193 0.110247 0.035125
0 0.853906 0.402880 0.116334 0.035125
0 0.662665 0.504566 0.047683 0.036178
0 0.696483 0.558307 0.115320 0.040393
0 0.868448 0.559361 0.115658 0.034071
0 0.875380 0.662100 0.093676 0.037232
0 0.837673 0.714787 0.093338 0.030910
0 0.837673 0.824377 0.097396 0.035125
0 0.834630 0.870741 0.089280 0.037232
0 0.833108 0.920443 0.078796 0.033368
0 0.833615 0.972603 0.087251 0.042150
