0 0.334978 0.075805 0.043311 0.027142
0 0.412281 0.074932 0.054825 0.023459
0 0.503427 0.076095 0.046875 0.023459
0 0.584567 0.075029 0.037555 0.022489
0 0.666804 0.076192 0.057840 0.020938
0 0.414337 0.104110 0.023300 0.013183
0 0.417626 0.121171 0.022204 0.013959
0 0.541255 0.106437 0.112664 0.016285
0 0.462308 0.120686 0.045230 0.013765
0 0.457648 0.105176 0.040296 0.015316
0 0.542078 0.121365 0.112664 0.016285
0 0.148849 0.161206 0.018640 0.015316
0 0.175850 0.161981 0.028235 0.018030
0 0.227796 0.161981 0.033991 0.020744
0 0.281250 0.160915 0.026864 0.015898
0 0.339227 0.160237 0.037555 0.020357
0 0.196409 0.181078 0.026042 0.017449
0 0.239720 0.182241 0.026042 0.017449
0 0.279879 0.180399 0.033991 0.016867
0 0.322780 0.182338 0.026042 0.016867
0 0.365269 0.181853 0.040296 0.019000
0 0.217791 0.203083 0.048520 0.015316
0 0.263295 0.202016 0.026590 0.017449
0 0.304688 0.201725 0.026042 0.013765
0 0.342928 0.201241 0.025768 0.015898
0 0.387336 0.203373 0.038377 0.020938
0 0.164474 0.221113 0.048246 0.021908
0 0.227111 0.221694 0.038103 0.019969
0 0.285225 0.223730 0.030428 0.019775
0 0.338268 0.222761 0.027961 0.017836
0 0.192434 0.241663 0.048246 0.013765
0 0.232593 0.242051 0.028783 0.016867
0 0.264254 0.243117 0.023026 0.014734
0 0.296875 0.242827 0.027412 0.014153
0 0.330318 0.241566 0.029605 0.014734
0 0.364583 0.241857 0.031798 0.014153
0 0.297560 0.262505 0.209156 0.019000
0 0.378152 0.282086 0.197643 0.019387
0 0.276590 0.303121 0.219298 0.020357
0 0.212993 0.323284 0.043311 0.016867
0 0.209430 0.343350 0.046053 0.017449
0 0.274671 0.323478 0.036732 0.017255
0 0.330044 0.323672 0.043311 0.018806
0 0.388706 0.323672 0.043860 0.016867
0 0.278372 0.345192 0.037007 0.019969
0 0.331689 0.343641 0.029605 0.015704
0 0.387336 0.344901 0.033991 0.016285
0 0.304276 0.364288 0.221491 0.017449
0 0.301398 0.383967 0.222862 0.018806
0 0.213816 0.406068 0.047697 0.017255
0 0.386924 0.403548 0.033169 0.018418
0 0.299616 0.424680 0.223684 0.018806
0 0.299616 0.446103 0.217654 0.020938
0 0.298246 0.465297 0.214912 0.016285
0 0.295641 0.484490 0.214090 0.020938
0 0.296738 0.506204 0.233827 0.019387
0 0.293586 0.526270 0.221491 0.016867
0 0.294682 0.544106 0.219298 0.018806
0 0.296327 0.564075 0.224232 0.021908
0 0.296053 0.583947 0.228070 0.017836
0 0.293860 0.604013 0.229167 0.020357
0 0.299753 0.626309 0.240954 0.025010
0 0.297149 0.646375 0.234649 0.019387
0 0.296464 0.666537 0.231634 0.017836
0 0.298657 0.686119 0.234375 0.019387
0 0.299205 0.705603 0.234375 0.020357
0 0.299205 0.728092 0.234375 0.023459
0 0.379386 0.764056 0.202851 0.025979
0 0.843202 0.136972 0.103070 0.021908
0 0.668311 0.199787 0.118421 0.018806
0 0.863487 0.196685 0.103070 0.025010
0 0.657072 0.259500 0.094298 0.025010
0 0.865543 0.259888 0.106086 0.018806
0 0.868832 0.281601 0.096765 0.020357
0 0.660773 0.320861 0.110471 0.019387
0 0.671601 0.341314 0.088816 0.018418
0 0.676946 0.363028 0.103893 0.023071
0 0.671464 0.381349 0.092928 0.019775
0 0.687774 0.401221 0.052083 0.021908
0 0.680510 0.423226 0.074836 0.019775
0 0.680510 0.441838 0.078125 0.016285
0 0.680921 0.460934 0.072917 0.021908
0 0.678728 0.481582 0.068531 0.019387
0 0.670779 0.501551 0.093202 0.022489
0 0.677357 0.522877 0.077303 0.019387
0 0.681606 0.542264 0.069901 0.019387
0 0.675027 0.563494 0.090186 0.018806
0 0.680921 0.583463 0.070175 0.016867
0 0.683388 0.602074 0.080592 0.017255
0 0.681606 0.621946 0.081414 0.016285
0 0.675164 0.643660 0.093202 0.017836
0 0.681195 0.664502 0.073465 0.021908
0 0.682018 0.684374 0.079496 0.014734
0 0.680510 0.704827 0.073739 0.019969
0 0.678728 0.724215 0.065789 0.018806
0 0.873492 0.765510 0.087445 0.021908
0 0.250274 0.787515 0.218750 0.020938
0 0.305784 0.808841 0.215735 0.020938
0 0.309759 0.828519 0.223684 0.018418
0 0.302220 0.846840 0.208607 0.019387
0 0.261787 0.868069 0.231360 0.019969
0 0.306743 0.888038 0.219298 0.018806
0 0.307292 0.907716 0.217105 0.019387
0 0.703947 0.804285 0.052632 0.019969
0 0.703262 0.825998 0.048520 0.018418
0 0.681606 0.844610 0.072643 0.018806
0 0.888295 0.844901 0.078125 0.030632
0 0.677220 0.884936 0.097314 0.020744
0 0.682703 0.909655 0.106634 0.022489
0 0.540707 0.961710 0.060581 0.023459
