0 0.103788 0.020688 0.059915 0.030219
0 0.493622 0.020688 0.044066 0.030219
0 0.750483 0.022083 0.045226 0.038587
0 0.110939 0.055788 0.087360 0.034403
0 0.165056 0.087866 0.164670 0.037192
0 0.163896 0.119014 0.175493 0.033473
0 0.201585 0.155509 0.253189 0.039517
0 0.520101 0.083682 0.097024 0.034403
0 0.504832 0.120177 0.074990 0.035797
0 0.771357 0.155742 0.091612 0.037192
0 0.494395 0.154812 0.054117 0.027894
0 0.132393 0.188052 0.148048 0.033008
0 0.178392 0.219200 0.191341 0.032078
0 0.168922 0.250581 0.180905 0.033473
0 0.149594 0.286378 0.144569 0.033473
0 0.134132 0.318224 0.144569 0.033008
0 0.123116 0.351464 0.142636 0.043701
0 0.259954 0.355416 0.137998 0.035797
0 0.119830 0.385402 0.136065 0.034403
0 0.130847 0.419805 0.155779 0.034403
0 0.140317 0.449093 0.119057 0.031613
0 0.140704 0.486983 0.146888 0.038587
0 0.120990 0.546722 0.111326 0.040911
0 0.125242 0.582055 0.149208 0.037192
0 0.136258 0.615063 0.122536 0.031613
0 0.141283 0.646444 0.174333 0.033008
0 0.124275 0.678754 0.109393 0.034403
0 0.114805 0.713389 0.128334 0.034868
0 0.132006 0.745932 0.127174 0.030219
0 0.170661 0.779172 0.189022 0.038122
0 0.173947 0.813110 0.201778 0.034403
0 0.172207 0.844956 0.196753 0.026499
0 0.170081 0.878661 0.238887 0.030683
0 0.229610 0.912599 0.309239 0.034403
0 0.175686 0.943980 0.194434 0.035797
0 0.128141 0.976987 0.145729 0.038587
0 0.513529 0.216643 0.099343 0.045560
0 0.512949 0.250349 0.074217 0.035797
0 0.497487 0.286378 0.040974 0.030683
0 0.483765 0.443747 0.044453 0.039517
0 0.488210 0.483728 0.046386 0.023710
0 0.492656 0.546722 0.052957 0.030683
0 0.499807 0.611344 0.054117 0.037192
0 0.496908 0.649000 0.039814 0.030683
0 0.488210 0.677592 0.041747 0.026499
0 0.491496 0.776383 0.035176 0.027894
0 0.499613 0.812413 0.047545 0.033008
0 0.492076 0.844258 0.025512 0.019526
0 0.510823 0.906788 0.071511 0.038587
0 0.508697 0.948629 0.051797 0.050674
0 0.772130 0.283821 0.086200 0.033008
0 0.769231 0.319619 0.071898 0.033008
0 0.774642 0.350767 0.069579 0.023710
0 0.770970 0.386564 0.073058 0.032078
0 0.759374 0.552766 0.058369 0.031613
0 0.758794 0.674338 0.048705 0.038587
0 0.774642 0.714784 0.067259 0.034868
0 0.759374 0.843561 0.063007 0.045095
0 0.771357 0.878894 0.073831 0.038587
0 0.765945 0.937936 0.065327 0.042306
0 0.769231 0.978382 0.076537 0.030219
